Image_Index, Camera, Point_Index, X, Y
1, left, 1, 2986.3862, 2172.7295
1, left, 2, 3003.9326, 2126.9497
1, left, 3, 3021.8838, 2081.6716
1, left, 4, 3039.2954, 2035.9827
1, left, 5, 3056.8420, 1990.0646
1, left, 6, 3074.6919, 1944.9338
1, left, 7, 2954.0046, 2163.9541
1, left, 8, 2971.5408, 2118.2573
1, left, 9, 2989.2617, 2072.5950
1, left, 10, 3007.0806, 2026.4080
1, left, 11, 3025.3616, 1980.0872
1, left, 12, 3042.5417, 1933.8743
1, left, 13, 2920.7639, 2155.7542
1, left, 14, 2938.7544, 2109.1750
1, left, 15, 2956.8604, 2062.6038
1, left, 16, 2974.4163, 2016.5057
1, left, 17, 2992.3049, 1970.0526
1, left, 18, 3010.3718, 1923.6399
1, left, 19, 2886.6050, 2147.3467
1, left, 20, 2905.1184, 2100.2649
1, left, 21, 2922.7571, 2053.9636
1, left, 22, 2941.1931, 2006.4670
1, left, 23, 2959.4707, 1959.6335
1, left, 24, 2977.2236, 1912.2745
1, left, 25, 2852.6431, 2138.0356
1, left, 26, 2870.9155, 2091.0437
1, left, 27, 2889.0654, 2043.6471
1, left, 28, 2907.2080, 1996.3647
1, left, 29, 2925.1846, 1948.9155
1, left, 30, 2943.6741, 1901.9320
1, left, 31, 2817.5522, 2129.1169
1, left, 32, 2835.9363, 2081.3604
1, left, 33, 2854.2747, 2033.6780
1, left, 34, 2872.5686, 1985.8430
1, left, 35, 2890.9111, 1938.1818
1, left, 36, 2909.2639, 1890.1918
1, left, 37, 2781.9956, 2119.7788
1, left, 38, 2800.1775, 2072.0767
1, left, 39, 2818.9131, 2023.3435
1, left, 40, 2837.2656, 1975.6093
1, left, 41, 2856.0208, 1926.9711
1, left, 42, 2874.5388, 1879.1002
1, left, 43, 2745.6257, 2110.2141
1, left, 44, 2764.4331, 2061.6360
1, left, 45, 2782.5950, 2013.8597
1, left, 46, 2801.6064, 1964.6311
1, left, 47, 2820.1970, 1916.4001
1, left, 48, 2838.8252, 1867.2468
1, left, 49, 2708.8691, 2100.3687
1, left, 50, 2727.2412, 2051.9121
1, left, 51, 2746.3940, 2002.4011
1, left, 52, 2765.2180, 1953.8608
1, left, 53, 2784.2908, 1904.7002
1, left, 54, 2803.1228, 1855.8258
1, right, 1, 2824.2102, 2221.3008
1, right, 2, 2824.9399, 2145.5693
1, right, 3, 2826.1758, 2069.8962
1, right, 4, 2826.5403, 1991.9536
1, right, 5, 2827.1511, 1913.8914
1, right, 6, 2827.6160, 1834.5431
1, right, 7, 2738.0884, 2220.8718
1, right, 8, 2738.9031, 2146.2771
1, right, 9, 2738.6335, 2069.6663
1, right, 10, 2739.3674, 1993.4449
1, right, 11, 2739.5864, 1914.0935
1, right, 12, 2738.0000, 1835.0000
1, right, 13, 2653.3118, 2220.6189
1, right, 14, 2652.8347, 2145.7087
1, right, 15, 2652.0000, 2070.0000
1, right, 16, 2652.1260, 1992.7487
1, right, 17, 2651.0000, 1915.0000
1, right, 18, 2650.0000, 1836.0000
1, right, 19, 2568.1399, 2220.0696
1, right, 20, 2567.0000, 2145.0000
1, right, 21, 2566.4675, 2070.1426
1, right, 22, 2565.0000, 1993.0000
1, right, 23, 2563.2866, 1916.1925
1, right, 24, 2562.1062, 1837.1365
1, right, 25, 2484.0000, 2219.0000
1, right, 26, 2483.3833, 2144.5681
1, right, 27, 2481.0000, 2069.0000
1, right, 28, 2479.5320, 1993.1029
1, right, 29, 2477.0000, 1916.0000
1, right, 30, 2475.0000, 1838.0000
1, right, 31, 2400.9929, 2218.7537
1, right, 32, 2397.5444, 2142.2949
1, right, 33, 2397.6367, 2068.2095
1, right, 34, 2394.0000, 1993.0000
1, right, 35, 2392.4253, 1915.5125
1, right, 36, 2389.0000, 1838.0000
1, right, 37, 2318.0000, 2217.0000
1, right, 38, 2316.8767, 2142.5454
1, right, 39, 2313.0000, 2068.0000
1, right, 40, 2311.6265, 1991.4248
1, right, 41, 2307.0000, 1916.0000
1, right, 42, 2303.1812, 1839.4043
1, right, 43, 2237.0000, 2216.0000
1, right, 44, 2233.0000, 2142.0000
1, right, 45, 2230.0000, 2068.0000
1, right, 46, 2227.0000, 1992.0000
1, right, 47, 2223.6672, 1915.6117
1, right, 48, 2218.4761, 1837.7881
1, right, 49, 2156.0000, 2214.0000
1, right, 50, 2152.0000, 2141.0000
1, right, 51, 2147.2715, 2065.1436
1, right, 52, 2145.0000, 1992.0000
1, right, 53, 2141.0000, 1916.0000
1, right, 54, 2136.3770, 1838.6945
2, left, 1, 2493.9795, 1336.1134
2, left, 2, 2498.5056, 1280.1338
2, left, 3, 2502.6982, 1224.4481
2, left, 4, 2506.9268, 1169.2095
2, left, 5, 2511.1570, 1114.1847
2, left, 6, 2515.1936, 1059.6552
2, left, 7, 2441.9094, 1328.8668
2, left, 8, 2446.3901, 1272.5034
2, left, 9, 2450.8989, 1216.7965
2, left, 10, 2455.4709, 1161.3094
2, left, 11, 2459.7349, 1106.3160
2, left, 12, 2464.0654, 1051.3174
2, left, 13, 2389.4158, 1321.3372
2, left, 14, 2394.0620, 1265.0698
2, left, 15, 2398.7314, 1209.0581
2, left, 16, 2403.2957, 1153.4391
2, left, 17, 2407.9829, 1098.1118
2, left, 18, 2412.6421, 1043.1990
2, left, 19, 2336.2463, 1314.1359
2, left, 20, 2341.1379, 1257.2994
2, left, 21, 2345.8464, 1201.3574
2, left, 22, 2350.8535, 1145.4240
2, left, 23, 2355.7156, 1090.0381
2, left, 24, 2360.5930, 1034.8452
2, left, 25, 2282.7581, 1306.4126
2, left, 26, 2287.7661, 1249.9678
2, left, 27, 2292.8201, 1193.5043
2, left, 28, 2297.6863, 1137.5106
2, left, 29, 2302.8643, 1081.9368
2, left, 30, 2307.7522, 1026.7170
2, left, 31, 2228.7129, 1299.1194
2, left, 32, 2234.0808, 1242.1560
2, left, 33, 2239.0579, 1185.6880
2, left, 34, 2244.3567, 1129.4733
2, left, 35, 2249.5139, 1073.7974
2, left, 36, 2254.7886, 1018.0660
2, left, 37, 2174.4822, 1291.3916
2, left, 38, 2179.8721, 1234.5552
2, left, 39, 2185.2419, 1177.7272
2, left, 40, 2190.6221, 1121.6814
2, left, 41, 2196.0642, 1065.3940
2, left, 42, 2201.2729, 1009.7235
2, left, 43, 2119.8589, 1283.9952
2, left, 44, 2125.3706, 1226.6448
2, left, 45, 2131.0061, 1169.9252
2, left, 46, 2136.5947, 1113.2408
2, left, 47, 2142.0251, 1057.1771
2, left, 48, 2147.6157, 1001.2648
2, left, 49, 2064.9297, 1276.2946
2, left, 50, 2070.7043, 1218.9729
2, left, 51, 2076.4182, 1161.6824
2, left, 52, 2082.0786, 1105.2106
2, left, 53, 2087.8013, 1048.6252
2, left, 54, 2093.5283, 992.8189
2, right, 1, 1313.0000, 1308.0000
2, right, 2, 1295.8058, 1233.9297
2, right, 3, 1278.0000, 1160.0000
2, right, 4, 1261.3268, 1085.9381
2, right, 5, 1244.7842, 1013.1758
2, right, 6, 1225.7285, 938.3365
2, right, 7, 1248.3555, 1324.9951
2, right, 8, 1229.3021, 1251.6388
2, right, 9, 1213.5009, 1179.2866
2, right, 10, 1197.4117, 1105.5204
2, right, 11, 1179.0924, 1033.4730
2, right, 12, 1162.0000, 959.0000
2, right, 13, 1185.0000, 1341.0000
2, right, 14, 1167.5375, 1269.1703
2, right, 15, 1151.0000, 1196.0000
2, right, 16, 1134.0000, 1124.0000
2, right, 17, 1117.5410, 1051.5425
2, right, 18, 1099.3210, 978.6722
2, right, 19, 1122.0000, 1357.0000
2, right, 20, 1106.0000, 1285.0000
2, right, 21, 1088.6511, 1213.8070
2, right, 22, 1072.8143, 1141.7166
2, right, 23, 1054.7921, 1070.2262
2, right, 24, 1038.2062, 998.3383
2, right, 25, 1060.0000, 1373.0000
2, right, 26, 1044.5691, 1301.2651
2, right, 27, 1027.6899, 1230.6339
2, right, 28, 1011.0339, 1159.6104
2, right, 29, 995.1011, 1088.4965
2, right, 30, 977.0654, 1018.0951
2, right, 31, 999.9218, 1389.0310
2, right, 32, 984.0986, 1317.8143
2, right, 33, 967.7505, 1247.0577
2, right, 34, 951.7556, 1176.8406
2, right, 35, 934.3488, 1106.7501
2, right, 36, 918.2053, 1036.0377
2, right, 37, 941.0000, 1404.0000
2, right, 38, 924.9642, 1333.5239
2, right, 39, 909.3441, 1264.0275
2, right, 40, 892.1656, 1194.1915
2, right, 41, 876.9659, 1124.0024
2, right, 42, 859.8572, 1054.2046
2, right, 43, 882.7751, 1418.0389
2, right, 44, 868.3073, 1349.1169
2, right, 45, 850.9319, 1279.6613
2, right, 46, 835.3550, 1210.7443
2, right, 47, 818.7867, 1141.6633
2, right, 48, 802.9462, 1072.4285
2, right, 49, 826.0910, 1433.2438
2, right, 50, 809.7952, 1364.8538
2, right, 51, 794.7310, 1295.7592
2, right, 52, 778.5093, 1226.8435
2, right, 53, 762.6716, 1158.4443
2, right, 54, 746.9222, 1090.1744
3, left, 1, 1842.5687, 1274.2119
3, left, 2, 1842.9750, 1217.4265
3, left, 3, 1843.2201, 1160.9324
3, left, 4, 1843.7986, 1104.8452
3, left, 5, 1844.1104, 1048.9141
3, left, 6, 1844.4233, 993.5469
3, left, 7, 1785.8353, 1273.2010
3, left, 8, 1786.3591, 1216.4060
3, left, 9, 1786.9613, 1160.0286
3, left, 10, 1787.5729, 1103.9272
3, left, 11, 1788.0382, 1048.1348
3, left, 12, 1788.6113, 992.6328
3, left, 13, 1729.0991, 1272.2456
3, left, 14, 1729.9403, 1215.4773
3, left, 15, 1730.6383, 1159.1760
3, left, 16, 1731.2875, 1102.9855
3, left, 17, 1732.0204, 1047.1924
3, left, 18, 1732.6641, 991.8838
3, left, 19, 1672.6564, 1271.3497
3, left, 20, 1673.4247, 1214.7269
3, left, 21, 1674.3036, 1158.1771
3, left, 22, 1675.1388, 1102.1473
3, left, 23, 1676.0151, 1046.3346
3, left, 24, 1676.8610, 990.9930
3, left, 25, 1616.0303, 1270.3313
3, left, 26, 1617.1040, 1213.8323
3, left, 27, 1618.0729, 1157.4044
3, left, 28, 1619.0681, 1101.3464
3, left, 29, 1620.0366, 1045.6897
3, left, 30, 1621.1007, 990.2072
3, left, 31, 1559.6787, 1269.4478
3, left, 32, 1560.7875, 1212.7747
3, left, 33, 1561.9130, 1156.4136
3, left, 34, 1562.9934, 1100.5370
3, left, 35, 1564.1254, 1044.8870
3, left, 36, 1565.3582, 989.6284
3, left, 37, 1503.1171, 1268.4119
3, left, 38, 1504.4451, 1211.8727
3, left, 39, 1505.8348, 1155.5667
3, left, 40, 1507.0714, 1099.6979
3, left, 41, 1508.4048, 1044.0743
3, left, 42, 1509.7783, 988.7793
3, left, 43, 1446.9784, 1267.5670
3, left, 44, 1448.2332, 1211.0175
3, left, 45, 1449.8102, 1154.9032
3, left, 46, 1451.2688, 1099.0162
3, left, 47, 1452.7849, 1043.2186
3, left, 48, 1454.1322, 988.1023
3, left, 49, 1390.7711, 1266.6099
3, left, 50, 1392.3065, 1210.1451
3, left, 51, 1393.9553, 1153.8933
3, left, 52, 1395.5614, 1098.1608
3, left, 53, 1397.1259, 1042.5878
3, left, 54, 1398.6976, 987.3577
3, right, 1, 682.0126, 1501.3903
3, right, 2, 664.4037, 1436.8065
3, right, 3, 644.0031, 1374.8400
3, right, 4, 623.7381, 1313.5531
3, right, 5, 604.1479, 1249.3201
3, right, 6, 584.0157, 1187.8958
3, right, 7, 643.0129, 1517.9071
3, right, 8, 623.6267, 1456.1628
3, right, 9, 603.3952, 1393.6467
3, right, 10, 584.2036, 1331.8160
3, right, 11, 564.4556, 1269.4861
3, right, 12, 545.3498, 1208.4668
3, right, 13, 603.0000, 1536.0000
3, right, 14, 583.0000, 1475.0000
3, right, 15, 564.0000, 1413.0000
3, right, 16, 544.7709, 1350.9236
3, right, 17, 525.1408, 1290.5520
3, right, 18, 505.7652, 1231.5009
3, right, 19, 563.0000, 1553.0000
3, right, 20, 544.0000, 1493.0000
3, right, 21, 525.2396, 1431.7275
3, right, 22, 506.5930, 1370.8698
3, right, 23, 487.0000, 1311.0000
3, right, 24, 468.4084, 1250.8064
3, right, 25, 525.4648, 1569.8698
3, right, 26, 506.1277, 1510.6343
3, right, 27, 488.2231, 1449.4114
3, right, 28, 468.9494, 1390.8750
3, right, 29, 450.8474, 1329.9214
3, right, 30, 433.0000, 1271.0000
3, right, 31, 488.3295, 1586.6486
3, right, 32, 469.7679, 1526.5450
3, right, 33, 451.2432, 1467.2487
3, right, 34, 433.2683, 1407.7300
3, right, 35, 415.0000, 1349.0000
3, right, 36, 396.6172, 1290.0594
3, right, 37, 452.2935, 1602.5897
3, right, 38, 433.9003, 1543.8102
3, right, 39, 415.9557, 1484.0680
3, right, 40, 398.2166, 1425.6216
3, right, 41, 380.4102, 1367.1141
3, right, 42, 362.0000, 1309.0000
3, right, 43, 417.4528, 1617.4899
3, right, 44, 399.7797, 1558.7646
3, right, 45, 381.6740, 1500.7135
3, right, 46, 364.1402, 1443.0262
3, right, 47, 346.4956, 1385.6332
3, right, 48, 328.9219, 1327.7708
3, right, 49, 383.2393, 1631.9109
3, right, 50, 366.1967, 1574.5016
3, right, 51, 348.4203, 1516.9587
3, right, 52, 330.6088, 1459.9984
3, right, 53, 313.0919, 1402.8204
3, right, 54, 296.0000, 1346.0000
4, left, 1, 2473.6252, 1426.8762
4, left, 2, 2480.6926, 1381.6270
4, left, 3, 2487.7388, 1337.7114
4, left, 4, 2494.2927, 1294.0624
4, left, 5, 2500.9944, 1250.9888
4, left, 6, 2507.4492, 1207.7036
4, left, 7, 2444.5608, 1412.2787
4, left, 8, 2451.8335, 1366.6332
4, left, 9, 2458.8247, 1321.8110
4, left, 10, 2466.1719, 1279.0109
4, left, 11, 2472.7153, 1234.5464
4, left, 12, 2479.6479, 1191.6603
4, left, 13, 2415.0776, 1398.1464
4, left, 14, 2422.1492, 1351.6461
4, left, 15, 2430.0073, 1307.7872
4, left, 16, 2437.1382, 1262.2795
4, left, 17, 2444.3235, 1218.3995
4, left, 18, 2451.2236, 1175.0779
4, left, 19, 2384.1094, 1382.5016
4, left, 20, 2392.1201, 1336.8104
4, left, 21, 2399.7185, 1290.8328
4, left, 22, 2407.1460, 1245.9954
4, left, 23, 2414.8608, 1201.7721
4, left, 24, 2422.2170, 1158.9244
4, left, 25, 2352.8901, 1367.4209
4, left, 26, 2360.9368, 1320.6334
4, left, 27, 2368.9492, 1274.8229
4, left, 28, 2376.8538, 1229.1077
4, left, 29, 2384.4221, 1183.5032
4, left, 30, 2392.3567, 1140.3853
4, left, 31, 2320.6709, 1351.7445
4, left, 32, 2329.1836, 1304.9695
4, left, 33, 2337.1362, 1257.8712
4, left, 34, 2345.7712, 1212.6893
4, left, 35, 2353.6296, 1167.0018
4, left, 36, 2361.7507, 1123.2604
4, left, 37, 2287.5847, 1335.6786
4, left, 38, 2296.0935, 1287.8252
4, left, 39, 2304.9753, 1241.1204
4, left, 40, 2313.3223, 1194.7931
4, left, 41, 2322.0000, 1149.0000
4, left, 42, 2330.2937, 1104.4728
4, left, 43, 2253.6726, 1318.7062
4, left, 44, 2262.7703, 1271.3933
4, left, 45, 2271.5762, 1223.4978
4, left, 46, 2280.5349, 1176.5870
4, left, 47, 2289.2664, 1130.8657
4, left, 48, 2298.0000, 1085.0000
4, left, 49, 2218.6895, 1302.1593
4, left, 50, 2228.2620, 1253.3795
4, left, 51, 2237.8416, 1205.9332
4, left, 52, 2247.0918, 1158.4711
4, left, 53, 2256.2058, 1113.0956
4, left, 54, 2265.1746, 1065.8470
4, right, 1, 1750.7367, 1312.7080
4, right, 2, 1748.3397, 1245.0292
4, right, 3, 1746.5237, 1178.0359
4, right, 4, 1744.5190, 1111.2106
4, right, 5, 1742.8429, 1045.0286
4, right, 6, 1740.6335, 978.5782
4, right, 7, 1682.7620, 1314.1393
4, right, 8, 1681.1605, 1247.0671
4, right, 9, 1679.1836, 1179.9277
4, right, 10, 1677.4846, 1113.3668
4, right, 11, 1675.4227, 1046.8683
4, right, 12, 1673.9838, 980.7549
4, right, 13, 1615.5231, 1316.3721
4, right, 14, 1613.5419, 1248.7880
4, right, 15, 1612.1985, 1182.0944
4, right, 16, 1610.2725, 1115.1301
4, right, 17, 1608.7063, 1048.8710
4, right, 18, 1606.9164, 982.6393
4, right, 19, 1547.8463, 1317.7745
4, right, 20, 1546.5116, 1250.9081
4, right, 21, 1544.7091, 1183.6746
4, right, 22, 1543.2800, 1117.1938
4, right, 23, 1541.7520, 1050.7593
4, right, 24, 1540.3394, 984.7719
4, right, 25, 1480.3040, 1320.1127
4, right, 26, 1478.8533, 1252.4443
4, right, 27, 1477.6373, 1185.7203
4, right, 28, 1476.1481, 1118.9502
4, right, 29, 1474.8871, 1052.6536
4, right, 30, 1473.3083, 986.3564
4, right, 31, 1412.5903, 1321.6464
4, right, 32, 1411.6117, 1254.6958
4, right, 33, 1410.1337, 1187.3300
4, right, 34, 1409.2100, 1120.9100
4, right, 35, 1407.7848, 1054.3103
4, right, 36, 1406.4602, 988.1669
4, right, 37, 1344.9871, 1323.8480
4, right, 38, 1343.9410, 1256.1635
4, right, 39, 1342.9867, 1189.5134
4, right, 40, 1341.6152, 1122.7930
4, right, 41, 1340.9806, 1056.3108
4, right, 42, 1339.5321, 989.7990
4, right, 43, 1276.9119, 1325.6008
4, right, 44, 1276.2452, 1258.2861
4, right, 45, 1275.2886, 1191.2329
4, right, 46, 1275.0474, 1124.6523
4, right, 47, 1273.2898, 1057.9294
4, right, 48, 1272.2330, 991.6609
4, right, 49, 1208.6835, 1327.8182
4, right, 50, 1207.9412, 1260.2053
4, right, 51, 1207.6495, 1193.1740
4, right, 52, 1206.7053, 1126.1749
4, right, 53, 1205.9573, 1059.5049
4, right, 54, 1204.8967, 993.2199
5, left, 1, 2901.2183, 1699.8702
5, left, 2, 2896.5823, 1655.3558
5, left, 3, 2893.0000, 1613.0000
5, left, 4, 2888.8428, 1571.3356
5, left, 5, 2884.4507, 1529.6578
5, left, 6, 2880.4761, 1489.3519
5, left, 7, 2875.3179, 1687.0497
5, left, 8, 2871.0000, 1643.0000
5, left, 9, 2867.2847, 1599.5844
5, left, 10, 2863.0000, 1557.0000
5, left, 11, 2859.5283, 1515.4961
5, left, 12, 2856.2659, 1476.2170
5, left, 13, 2849.4431, 1675.1206
5, left, 14, 2845.1877, 1629.5585
5, left, 15, 2840.8813, 1585.3704
5, left, 16, 2837.7183, 1543.0518
5, left, 17, 2834.0000, 1501.0000
5, left, 18, 2830.9053, 1460.9713
5, left, 19, 2822.1177, 1660.8657
5, left, 20, 2819.0000, 1616.0000
5, left, 21, 2815.5110, 1572.4768
5, left, 22, 2812.0000, 1530.0000
5, left, 23, 2808.3940, 1487.1536
5, left, 24, 2804.5320, 1444.6122
5, left, 25, 2795.0000, 1648.0000
5, left, 26, 2791.2307, 1602.0522
5, left, 27, 2789.0000, 1559.0000
5, left, 28, 2785.4109, 1515.4456
5, left, 29, 2781.7566, 1471.2482
5, left, 30, 2779.4558, 1432.0490
5, left, 31, 2767.2776, 1634.4185
5, left, 32, 2764.0000, 1589.0000
5, left, 33, 2761.6865, 1544.5833
5, left, 34, 2759.0000, 1501.0000
5, left, 35, 2756.2065, 1458.6344
5, left, 36, 2753.4961, 1417.5179
5, left, 37, 2739.0000, 1621.0000
5, left, 38, 2736.3171, 1574.3735
5, left, 39, 2734.1968, 1530.7563
5, left, 40, 2731.5642, 1486.4330
5, left, 41, 2729.0000, 1444.0000
5, left, 42, 2726.6855, 1402.1873
5, left, 43, 2710.4031, 1606.4995
5, left, 44, 2707.7400, 1560.2299
5, left, 45, 2706.0081, 1515.8654
5, left, 46, 2704.0000, 1472.0000
5, left, 47, 2701.7227, 1428.9384
5, left, 48, 2700.0000, 1387.0000
5, left, 49, 2681.0000, 1592.0000
5, left, 50, 2679.3196, 1546.0580
5, left, 51, 2676.4741, 1499.1702
5, left, 52, 2675.2717, 1455.9808
5, left, 53, 2673.3936, 1412.8256
5, left, 54, 2671.6453, 1370.9034
5, right, 1, 2661.0000, 1469.0000
5, right, 2, 2653.0959, 1395.4015
5, right, 3, 2647.1580, 1321.4213
5, right, 4, 2640.8477, 1250.9064
5, right, 5, 2636.0000, 1180.0000
5, right, 6, 2629.1926, 1110.3373
5, right, 7, 2581.4133, 1469.0703
5, right, 8, 2576.3674, 1394.4955
5, right, 9, 2569.5327, 1322.4366
5, right, 10, 2564.1467, 1250.0302
5, right, 11, 2558.8186, 1180.2291
5, right, 12, 2554.0000, 1111.0000
5, right, 13, 2504.8892, 1468.7638
5, right, 14, 2497.9624, 1394.4044
5, right, 15, 2492.6008, 1321.4070
5, right, 16, 2487.2310, 1250.9991
5, right, 17, 2483.4326, 1180.6627
5, right, 18, 2477.9768, 1111.7961
5, right, 19, 2424.9753, 1467.4155
5, right, 20, 2420.7122, 1393.6566
5, right, 21, 2415.7585, 1321.6975
5, right, 22, 2411.9727, 1250.7823
5, right, 23, 2407.1177, 1180.8424
5, right, 24, 2402.9514, 1112.1473
5, right, 25, 2348.2776, 1466.5225
5, right, 26, 2342.7954, 1393.6548
5, right, 27, 2338.8857, 1320.8563
5, right, 28, 2335.3420, 1250.8342
5, right, 29, 2331.8452, 1181.1912
5, right, 30, 2328.1729, 1112.9012
5, right, 31, 2270.4502, 1465.2358
5, right, 32, 2267.0266, 1392.6245
5, right, 33, 2263.3860, 1321.0686
5, right, 34, 2260.1846, 1250.8342
5, right, 35, 2257.1030, 1181.6960
5, right, 36, 2254.2915, 1113.7734
5, right, 37, 2194.0000, 1464.0000
5, right, 38, 2190.9451, 1391.9176
5, right, 39, 2188.6226, 1321.0630
5, right, 40, 2185.2935, 1251.0566
5, right, 41, 2183.3713, 1182.2008
5, right, 42, 2180.5552, 1114.4446
5, right, 43, 2118.3816, 1463.3765
5, right, 44, 2116.5283, 1391.7114
5, right, 45, 2113.6831, 1320.6321
5, right, 46, 2111.6577, 1250.8285
5, right, 47, 2109.7791, 1182.5912
5, right, 48, 2108.1841, 1115.0542
5, right, 49, 2043.0000, 1463.0000
5, right, 50, 2041.8781, 1390.7197
5, right, 51, 2040.3729, 1320.5950
5, right, 52, 2038.5325, 1251.2163
5, right, 53, 2037.5934, 1183.1281
5, right, 54, 2035.9073, 1115.8735
6, left, 1, 2642.6587, 880.8432
6, left, 2, 2636.0757, 841.0158
6, left, 3, 2629.6392, 801.8781
6, left, 4, 2623.3274, 763.8336
6, left, 5, 2617.1562, 726.4211
6, left, 6, 2611.0413, 689.9808
6, left, 7, 2593.8044, 875.8621
6, left, 8, 2587.3850, 835.7811
6, left, 9, 2581.7512, 796.9879
6, left, 10, 2575.7434, 758.7639
6, left, 11, 2570.1953, 721.5435
6, left, 12, 2564.2991, 685.0103
6, left, 13, 2544.3306, 870.5489
6, left, 14, 2538.8918, 830.9357
6, left, 15, 2533.5847, 791.9693
6, left, 16, 2528.4392, 753.9216
6, left, 17, 2523.2051, 716.7885
6, left, 18, 2518.1013, 680.3804
6, left, 19, 2495.5845, 865.7737
6, left, 20, 2490.5142, 825.9178
6, left, 21, 2485.8562, 787.0091
6, left, 22, 2480.7856, 748.9117
6, left, 23, 2476.3918, 711.9686
6, left, 24, 2471.6936, 675.5752
6, left, 25, 2446.2300, 860.6664
6, left, 26, 2441.9155, 820.8212
6, left, 27, 2437.6494, 781.9883
6, left, 28, 2433.7410, 744.1841
6, left, 29, 2429.7979, 707.4099
6, left, 30, 2425.5837, 671.1393
6, left, 31, 2397.0591, 855.7083
6, left, 32, 2393.3899, 816.0863
6, left, 33, 2389.8262, 777.2794
6, left, 34, 2386.1814, 739.3539
6, left, 35, 2382.6692, 702.3813
6, left, 36, 2379.1267, 666.2657
6, left, 37, 2347.9475, 850.6187
6, left, 38, 2344.8604, 811.0668
6, left, 39, 2341.5325, 772.3455
6, left, 40, 2338.7429, 734.7303
6, left, 41, 2335.7073, 697.8635
6, left, 42, 2333.0083, 661.8700
6, left, 43, 2298.7344, 845.8937
6, left, 44, 2296.1628, 806.2886
6, left, 45, 2293.6868, 767.7984
6, left, 46, 2291.2632, 729.8824
6, left, 47, 2288.9648, 693.2316
6, left, 48, 2286.6672, 657.1835
6, left, 49, 2249.4624, 840.9479
6, left, 50, 2247.7786, 801.7504
6, left, 51, 2245.8108, 763.0864
6, left, 52, 2244.1174, 725.3926
6, left, 53, 2241.9805, 688.5078
6, left, 54, 2240.4087, 652.9050
6, right, 1, 1532.5458, 507.0414
6, right, 2, 1528.0000, 444.0000
6, right, 3, 1523.9244, 381.2480
6, right, 4, 1519.6626, 321.1743
6, right, 5, 1515.8865, 259.7531
6, right, 6, 1512.1144, 200.6389
6, right, 7, 1473.0000, 535.0000
6, right, 8, 1469.7506, 472.0633
6, right, 9, 1465.5947, 412.5633
6, right, 10, 1462.7207, 349.6154
6, right, 11, 1459.0283, 290.7378
6, right, 12, 1455.8038, 231.9704
6, right, 13, 1416.5858, 561.6171
6, right, 14, 1413.0000, 500.0000
6, right, 15, 1409.9764, 438.5331
6, right, 16, 1406.9637, 378.4337
6, right, 17, 1403.8490, 319.6173
6, right, 18, 1400.9836, 262.1529
6, right, 19, 1361.0441, 587.5451
6, right, 20, 1358.0449, 526.4365
6, right, 21, 1355.2755, 466.2503
6, right, 22, 1352.7302, 406.4785
6, right, 23, 1350.5179, 347.4483
6, right, 24, 1347.8737, 291.1038
6, right, 25, 1306.9176, 612.8838
6, right, 26, 1305.0000, 552.0000
6, right, 27, 1302.2485, 492.4121
6, right, 28, 1300.4077, 432.1413
6, right, 29, 1297.9224, 376.0509
6, right, 30, 1296.1184, 318.8740
6, right, 31, 1254.4705, 636.6332
6, right, 32, 1252.2755, 577.6311
6, right, 33, 1250.0000, 518.0000
6, right, 34, 1248.7192, 460.1797
6, right, 35, 1247.0000, 403.0000
6, right, 36, 1245.4417, 346.9554
6, right, 37, 1202.8890, 661.3177
6, right, 38, 1202.0000, 602.0000
6, right, 39, 1200.0790, 543.2800
6, right, 40, 1199.0000, 486.0000
6, right, 41, 1197.3723, 429.2222
6, right, 42, 1196.0240, 374.7198
6, right, 43, 1153.0000, 684.0000
6, right, 44, 1151.9333, 625.6297
6, right, 45, 1151.0000, 568.0000
6, right, 46, 1149.8405, 510.9386
6, right, 47, 1149.0000, 455.0000
6, right, 48, 1148.5096, 399.6708
6, right, 49, 1104.4614, 706.8781
6, right, 50, 1103.5768, 648.9667
6, right, 51, 1103.0330, 591.4125
6, right, 52, 1102.0000, 535.0000
6, right, 53, 1101.7188, 479.5561
6, right, 54, 1101.0000, 425.0000
7, left, 1, 2396.8816, 587.6478
7, left, 2, 2395.2283, 533.2877
7, left, 3, 2393.2148, 479.6581
7, left, 4, 2391.8440, 426.9756
7, left, 5, 2390.0513, 375.4583
7, left, 6, 2388.5549, 324.5154
7, left, 7, 2334.7939, 581.1224
7, left, 8, 2333.6816, 526.1577
7, left, 9, 2332.4333, 472.8100
7, left, 10, 2331.3643, 420.0753
7, left, 11, 2330.2041, 368.5992
7, left, 12, 2329.0706, 317.8073
7, left, 13, 2272.7334, 574.2142
7, left, 14, 2272.0042, 519.4709
7, left, 15, 2271.4177, 465.8215
7, left, 16, 2270.8748, 413.3718
7, left, 17, 2270.1714, 361.6732
7, left, 18, 2269.6816, 311.0778
7, left, 19, 2210.0999, 567.2493
7, left, 20, 2210.0730, 512.6215
7, left, 21, 2210.1624, 459.1032
7, left, 22, 2210.1982, 406.3781
7, left, 23, 2210.1768, 354.7394
7, left, 24, 2210.0698, 304.1786
7, left, 25, 2147.4148, 560.3596
7, left, 26, 2148.0374, 505.9217
7, left, 27, 2148.8359, 452.1589
7, left, 28, 2149.4058, 399.6495
7, left, 29, 2149.9807, 348.0902
7, left, 30, 2150.3088, 297.4518
7, left, 31, 2084.6929, 553.9278
7, left, 32, 2085.9087, 498.8962
7, left, 33, 2087.1821, 445.3401
7, left, 34, 2088.3066, 392.7171
7, left, 35, 2089.6238, 341.2075
7, left, 36, 2090.6091, 290.6531
7, left, 37, 2021.7664, 547.0500
7, left, 38, 2023.7584, 492.4875
7, left, 39, 2025.4210, 438.4965
7, left, 40, 2027.4127, 385.8792
7, left, 41, 2028.7802, 334.5612
7, left, 42, 2030.7683, 283.9354
7, left, 43, 1958.5908, 540.7975
7, left, 44, 1961.1412, 485.4769
7, left, 45, 1963.8151, 431.8975
7, left, 46, 1966.0525, 379.0343
7, left, 47, 1968.3075, 327.6419
7, left, 48, 1970.4777, 276.9445
7, left, 49, 1895.4995, 533.9771
7, left, 50, 1898.7751, 479.0831
7, left, 51, 1901.9126, 425.0191
7, left, 52, 1904.9073, 372.3311
7, left, 53, 1907.5934, 320.7919
7, left, 54, 1910.5410, 270.1119
7, right, 1, 592.6209, 554.5991
7, right, 2, 584.5999, 483.4594
7, right, 3, 577.2092, 409.7651
7, right, 4, 569.6387, 338.8422
7, right, 5, 562.7173, 269.1113
7, right, 6, 555.5342, 200.4819
7, right, 7, 540.0355, 584.6285
7, right, 8, 532.6116, 512.4258
7, right, 9, 525.5650, 441.8711
7, right, 10, 518.7554, 371.6546
7, right, 11, 511.8112, 302.8805
7, right, 12, 505.2066, 233.4580
7, right, 13, 488.7962, 613.3700
7, right, 14, 482.3011, 542.9044
7, right, 15, 475.5937, 471.8567
7, right, 16, 469.0450, 403.4392
7, right, 17, 463.0249, 334.6544
7, right, 18, 456.4926, 267.2632
7, right, 19, 439.8401, 641.6378
7, right, 20, 433.3225, 571.6959
7, right, 21, 427.2083, 502.3119
7, right, 22, 420.9476, 433.5555
7, right, 23, 414.9488, 367.0763
7, right, 24, 409.0284, 299.3794
7, right, 25, 391.8323, 669.3285
7, right, 26, 385.9108, 600.3936
7, right, 27, 379.9212, 531.4401
7, right, 28, 374.0000, 463.0000
7, right, 29, 368.4789, 396.6583
7, right, 30, 362.6902, 329.5562
7, right, 31, 345.3667, 696.2798
7, right, 32, 340.0177, 626.9611
7, right, 33, 333.8149, 559.9497
7, right, 34, 328.5599, 492.3291
7, right, 35, 323.2074, 427.1999
7, right, 36, 318.0103, 360.7082
7, right, 37, 300.3887, 721.9567
7, right, 38, 294.4391, 655.3357
7, right, 39, 289.6679, 587.2910
7, right, 40, 284.4264, 520.6514
7, right, 41, 279.0695, 454.8477
7, right, 42, 273.8608, 389.8654
7, right, 43, 256.2500, 747.2122
7, right, 44, 251.3339, 679.9447
7, right, 45, 246.1201, 615.2910
7, right, 46, 241.1066, 547.7317
7, right, 47, 236.3039, 483.4360
7, right, 48, 231.6668, 419.2292
7, right, 49, 213.5641, 772.2142
7, right, 50, 208.6952, 706.2521
7, right, 51, 204.1795, 639.9039
7, right, 52, 199.1613, 575.3275
7, right, 53, 194.4040, 510.6434
7, right, 54, 189.6221, 447.2213
8, left, 1, 2230.9863, 1989.6190
8, left, 2, 2251.1008, 1944.0856
8, left, 3, 2271.3281, 1898.4083
8, left, 4, 2291.7185, 1852.4333
8, left, 5, 2312.5176, 1805.3029
8, left, 6, 2332.8911, 1758.6588
8, left, 7, 2186.7312, 1981.4885
8, left, 8, 2206.9399, 1935.3165
8, left, 9, 2227.0081, 1889.2756
8, left, 10, 2247.6504, 1842.5946
8, left, 11, 2267.9155, 1795.5436
8, left, 12, 2288.6318, 1747.6119
8, left, 13, 2142.4844, 1972.5703
8, left, 14, 2162.1790, 1926.3134
8, left, 15, 2182.3264, 1879.6521
8, left, 16, 2201.9409, 1833.3250
8, left, 17, 2222.9897, 1784.6604
8, left, 18, 2243.6685, 1736.7916
8, left, 19, 2096.6216, 1964.1879
8, left, 20, 2116.6528, 1916.8716
8, left, 21, 2136.3938, 1870.3149
8, left, 22, 2156.7134, 1822.0551
8, left, 23, 2177.0552, 1774.2263
8, left, 24, 2197.4583, 1725.3031
8, left, 25, 2050.5479, 1954.6061
8, left, 26, 2069.8547, 1908.2072
8, left, 27, 2089.8284, 1859.9469
8, left, 28, 2110.3164, 1811.3376
8, left, 29, 2130.1594, 1763.2396
8, left, 30, 2150.5986, 1714.1884
8, left, 31, 2003.5026, 1945.9110
8, left, 32, 2022.9960, 1897.9240
8, left, 33, 2042.6149, 1850.0100
8, left, 34, 2062.6458, 1801.1517
8, left, 35, 2082.7373, 1751.8967
8, left, 36, 2102.8291, 1702.3916
8, left, 37, 1955.6562, 1935.9374
8, left, 38, 1974.5245, 1889.1306
8, left, 39, 1994.6027, 1839.1862
8, left, 40, 2014.0582, 1790.9602
8, left, 41, 2034.2117, 1740.5951
8, left, 42, 2054.5608, 1690.8472
8, left, 43, 1906.9500, 1926.5354
8, left, 44, 1926.4030, 1877.9700
8, left, 45, 1945.4968, 1829.4564
8, left, 46, 1965.4452, 1779.2767
8, left, 47, 1985.3593, 1729.4542
8, left, 48, 2005.5161, 1678.5646
8, left, 49, 1857.7045, 1916.7880
8, left, 50, 1876.7992, 1867.9377
8, left, 51, 1896.2238, 1818.1509
8, left, 52, 1915.8700, 1768.0480
8, left, 53, 1935.6293, 1717.7289
8, left, 54, 1955.5737, 1667.0878
8, right, 1, 1525.3096, 2175.3345
8, right, 2, 1513.0824, 2115.7971
8, right, 3, 1500.0903, 2055.2312
8, right, 4, 1487.5961, 1993.5387
8, right, 5, 1475.2228, 1931.3767
8, right, 6, 1461.3606, 1867.4772
8, right, 7, 1459.2069, 2177.2864
8, right, 8, 1446.1119, 2118.1333
8, right, 9, 1433.4805, 2057.4663
8, right, 10, 1420.4789, 1997.0491
8, right, 11, 1406.8080, 1934.2351
8, right, 12, 1393.0000, 1872.0000
8, right, 13, 1394.0311, 2179.3530
8, right, 14, 1380.3960, 2120.2930
8, right, 15, 1367.1515, 2060.6067
8, right, 16, 1353.4867, 1999.5165
8, right, 17, 1340.6124, 1938.5410
8, right, 18, 1325.4984, 1875.7412
8, right, 19, 1328.8390, 2181.1606
8, right, 20, 1315.2268, 2122.6719
8, right, 21, 1301.3934, 2063.1279
8, right, 22, 1287.2714, 2002.9791
8, right, 23, 1273.3130, 1941.7916
8, right, 24, 1258.9779, 1879.8450
8, right, 25, 1265.0000, 2183.0000
8, right, 26, 1250.7612, 2125.0073
8, right, 27, 1236.6136, 2066.0298
8, right, 28, 1221.9546, 2006.2092
8, right, 29, 1207.7982, 1945.5293
8, right, 30, 1192.5725, 1883.7357
8, right, 31, 1201.6086, 2184.3513
8, right, 32, 1187.0000, 2127.0000
8, right, 33, 1172.4301, 2068.6130
8, right, 34, 1159.2687, 2010.3136
8, right, 35, 1142.4739, 1948.9148
8, right, 36, 1127.0000, 1888.0000
8, right, 37, 1139.0000, 2186.0000
8, right, 38, 1123.7964, 2129.3140
8, right, 39, 1109.0000, 2071.0000
8, right, 40, 1093.5183, 2012.2909
8, right, 41, 1078.0000, 1952.0000
8, right, 42, 1062.2382, 1891.6415
8, right, 43, 1077.0577, 2187.7097
8, right, 44, 1062.6870, 2131.2664
8, right, 45, 1045.9324, 2073.7527
8, right, 46, 1030.0000, 2015.0000
8, right, 47, 1014.4431, 1955.6177
8, right, 48, 996.0781, 1895.0569
8, right, 49, 1016.0000, 2189.0000
8, right, 50, 1000.4793, 2132.8716
8, right, 51, 984.0000, 2076.0000
8, right, 52, 967.7338, 2018.3462
8, right, 53, 952.6293, 1959.4644
8, right, 54, 934.8183, 1899.2804
9, left, 1, 2668.0000, 925.0000
9, left, 2, 2650.8145, 879.3435
9, left, 3, 2634.0000, 836.0000
9, left, 4, 2618.3333, 794.2637
9, left, 5, 2602.7124, 754.3358
9, left, 6, 2587.7441, 714.9819
9, left, 7, 2615.9199, 910.9856
9, left, 8, 2598.9802, 865.1804
9, left, 9, 2583.2068, 821.7104
9, left, 10, 2569.2974, 781.2606
9, left, 11, 2553.5337, 739.8024
9, left, 12, 2538.5198, 700.4994
9, left, 13, 2561.5051, 895.7930
9, left, 14, 2546.8425, 851.1935
9, left, 15, 2531.7297, 807.6255
9, left, 16, 2516.8564, 765.4612
9, left, 17, 2503.2961, 725.3604
9, left, 18, 2489.6680, 686.5673
9, left, 19, 2507.4377, 881.7593
9, left, 20, 2493.5244, 836.8206
9, left, 21, 2478.7415, 792.5118
9, left, 22, 2466.7664, 752.1251
9, left, 23, 2452.1064, 710.4022
9, left, 24, 2440.7642, 672.8270
9, left, 25, 2452.1682, 867.2033
9, left, 26, 2438.7502, 821.6314
9, left, 27, 2424.8582, 777.1981
9, left, 28, 2413.0735, 735.9929
9, left, 29, 2402.4624, 697.2823
9, left, 30, 2388.9854, 657.0641
9, left, 31, 2395.8494, 852.5198
9, left, 32, 2383.3074, 806.8311
9, left, 33, 2371.3853, 763.0208
9, left, 34, 2358.7341, 720.0165
9, left, 35, 2348.4814, 680.7254
9, left, 36, 2337.6270, 642.0410
9, left, 37, 2338.5396, 837.4300
9, left, 38, 2327.3538, 791.7061
9, left, 39, 2316.2341, 748.0266
9, left, 40, 2305.8442, 705.9528
9, left, 41, 2295.8274, 666.0351
9, left, 42, 2285.5586, 626.8527
9, left, 43, 2280.3369, 822.3560
9, left, 44, 2270.0969, 776.3286
9, left, 45, 2260.2092, 732.2995
9, left, 46, 2250.0359, 690.0078
9, left, 47, 2241.5312, 650.4510
9, left, 48, 2233.2300, 611.9898
9, left, 49, 2221.1472, 806.9429
9, left, 50, 2212.3528, 761.5111
9, left, 51, 2203.8445, 717.5399
9, left, 52, 2195.3879, 675.4672
9, left, 53, 2187.1570, 635.2063
9, left, 54, 2179.4995, 596.2319
9, right, 1, 1026.4926, 795.9880
9, right, 2, 1033.2792, 728.7725
9, right, 3, 1039.8787, 663.5587
9, right, 4, 1045.7466, 601.1579
9, right, 5, 1052.7959, 538.9545
9, right, 6, 1059.2708, 479.0223
9, right, 7, 950.5521, 816.7143
9, right, 8, 960.4276, 748.4055
9, right, 9, 968.0000, 683.0000
9, right, 10, 975.9371, 620.4855
9, right, 11, 983.2912, 559.4531
9, right, 12, 990.5748, 499.9630
9, right, 13, 879.6454, 833.8521
9, right, 14, 888.9251, 767.4026
9, right, 15, 897.9459, 703.1838
9, right, 16, 906.5357, 640.4679
9, right, 17, 914.8268, 579.8024
9, right, 18, 923.1884, 520.5923
9, right, 19, 807.4026, 853.4525
9, right, 20, 818.5570, 786.6672
9, right, 21, 828.8221, 722.1737
9, right, 22, 838.2068, 660.0992
9, right, 23, 847.9278, 599.8331
9, right, 24, 856.9954, 540.9006
9, right, 25, 737.7599, 870.7724
9, right, 26, 750.3408, 804.3730
9, right, 27, 760.4924, 741.3793
9, right, 28, 771.8702, 679.2204
9, right, 29, 781.8048, 619.3892
9, right, 30, 792.8472, 560.0983
9, right, 31, 669.8324, 888.9388
9, right, 32, 681.5582, 823.8109
9, right, 33, 693.5957, 760.2999
9, right, 34, 705.5898, 698.4189
9, right, 35, 716.8663, 638.7765
9, right, 36, 728.2271, 580.5941
9, right, 37, 602.4969, 906.5074
9, right, 38, 615.9858, 841.7371
9, right, 39, 628.7590, 778.4650
9, right, 40, 642.0100, 716.6681
9, right, 41, 653.5920, 658.0175
9, right, 42, 666.1127, 599.2878
9, right, 43, 537.0000, 924.0000
9, right, 44, 550.7405, 859.8491
9, right, 45, 564.0000, 797.0000
9, right, 46, 578.0342, 735.9838
9, right, 47, 590.8337, 677.0732
9, right, 48, 603.5598, 619.0036
9, right, 49, 472.4244, 941.8975
9, right, 50, 486.6612, 878.3447
9, right, 51, 501.9750, 814.8161
9, right, 52, 516.0000, 755.0000
9, right, 53, 530.2128, 694.9630
9, right, 54, 542.9707, 638.4749
10, left, 1, 2969.0000, 1149.0000
10, left, 2, 2958.0249, 1098.0712
10, left, 3, 2948.5737, 1050.6991
10, left, 4, 2938.5339, 1002.6022
10, left, 5, 2930.0632, 957.6334
10, left, 6, 2921.5374, 914.0256
10, left, 7, 2933.4438, 1130.0914
10, left, 8, 2924.0000, 1081.0000
10, left, 9, 2914.0000, 1032.0000
10, left, 10, 2904.7957, 984.2675
10, left, 11, 2896.7690, 940.0655
10, left, 12, 2888.5066, 895.4405
10, left, 13, 2896.7690, 1111.4980
10, left, 14, 2888.0000, 1062.0000
10, left, 15, 2880.0000, 1014.0000
10, left, 16, 2870.4600, 965.4636
10, left, 17, 2861.6106, 918.9111
10, left, 18, 2852.9348, 873.4365
10, left, 19, 2861.1663, 1093.4089
10, left, 20, 2851.7561, 1042.5125
10, left, 21, 2843.2708, 993.5343
10, left, 22, 2835.1226, 946.1453
10, left, 23, 2826.5886, 898.7888
10, left, 24, 2819.0195, 854.0156
10, left, 25, 2823.0000, 1074.0000
10, left, 26, 2814.4639, 1022.4388
10, left, 27, 2807.6243, 975.0851
10, left, 28, 2798.5042, 925.4589
10, left, 29, 2791.1687, 878.9172
10, left, 30, 2782.6729, 832.5111
10, left, 31, 2785.3684, 1054.3949
10, left, 32, 2776.9243, 1003.2223
10, left, 33, 2769.7700, 954.0548
10, left, 34, 2762.0000, 905.0000
10, left, 35, 2754.2715, 858.1461
10, left, 36, 2746.8645, 812.0290
10, left, 37, 2745.1191, 1032.5165
10, left, 38, 2738.0923, 981.9169
10, left, 39, 2730.7170, 932.1973
10, left, 40, 2723.6858, 883.6498
10, left, 41, 2716.5400, 836.2735
10, left, 42, 2709.6963, 789.8522
10, left, 43, 2705.4939, 1012.9835
10, left, 44, 2699.0000, 962.0000
10, left, 45, 2691.9043, 911.1035
10, left, 46, 2685.0000, 862.0000
10, left, 47, 2678.0991, 813.9667
10, left, 48, 2671.4702, 767.5837
10, left, 49, 2665.0000, 993.0000
10, left, 50, 2658.1499, 939.9373
10, left, 51, 2651.8948, 889.2670
10, left, 52, 2645.1311, 839.5427
10, left, 53, 2638.9028, 791.7619
10, left, 54, 2632.7805, 744.9284
10, right, 1, 1736.9094, 806.6892
10, right, 2, 1730.8171, 727.0070
10, right, 3, 1726.8979, 650.4597
10, right, 4, 1721.2777, 574.0521
10, right, 5, 1716.9279, 499.0966
10, right, 6, 1712.2935, 425.6144
10, right, 7, 1649.1575, 815.6988
10, right, 8, 1646.6593, 737.9158
10, right, 9, 1641.2734, 660.4310
10, right, 10, 1638.5339, 585.0018
10, right, 11, 1633.6597, 509.5844
10, right, 12, 1630.3582, 436.2727
10, right, 13, 1564.0000, 824.0000
10, right, 14, 1560.2671, 747.3883
10, right, 15, 1558.3000, 670.3978
10, right, 16, 1554.2267, 594.1902
10, right, 17, 1551.0747, 519.7629
10, right, 18, 1547.9193, 446.7205
10, right, 19, 1478.7546, 834.6638
10, right, 20, 1477.7317, 756.3343
10, right, 21, 1474.2791, 679.2758
10, right, 22, 1472.1747, 604.2087
10, right, 23, 1469.1595, 529.6055
10, right, 24, 1466.8180, 456.9876
10, right, 25, 1395.0000, 842.0000
10, right, 26, 1393.2465, 765.0944
10, right, 27, 1391.0000, 688.0000
10, right, 28, 1389.6292, 613.4242
10, right, 29, 1388.1608, 539.7099
10, right, 30, 1385.8125, 467.0388
10, right, 31, 1311.0000, 851.0000
10, right, 32, 1311.1901, 774.2540
10, right, 33, 1309.4541, 697.3495
10, right, 34, 1308.2509, 622.7472
10, right, 35, 1306.6798, 549.1536
10, right, 36, 1306.2039, 476.9708
10, right, 37, 1228.0000, 859.0000
10, right, 38, 1226.7000, 783.1164
10, right, 39, 1228.3507, 706.7446
10, right, 40, 1226.6572, 631.8347
10, right, 41, 1226.5267, 558.3552
10, right, 42, 1225.9585, 486.4800
10, right, 43, 1145.0000, 868.0000
10, right, 44, 1146.3055, 791.2007
10, right, 45, 1145.6835, 715.1302
10, right, 46, 1145.8815, 640.6900
10, right, 47, 1146.6367, 567.3987
10, right, 48, 1146.9266, 495.8585
10, right, 49, 1063.8599, 876.9895
10, right, 50, 1064.2876, 798.7612
10, right, 51, 1065.0181, 724.0646
10, right, 52, 1065.6722, 649.4962
10, right, 53, 1066.6929, 576.7545
10, right, 54, 1068.2250, 505.0820
11, left, 1, 1859.5151, 1306.0277
11, left, 2, 1862.9468, 1281.0610
11, left, 3, 1866.4755, 1255.9020
11, left, 4, 1869.8726, 1230.3789
11, left, 5, 1873.4946, 1204.5010
11, left, 6, 1877.0360, 1178.4564
11, left, 7, 1832.8007, 1303.7456
11, left, 8, 1836.1487, 1278.5426
11, left, 9, 1839.5117, 1253.4468
11, left, 10, 1842.9409, 1227.8519
11, left, 11, 1846.2375, 1202.1046
11, left, 12, 1849.7866, 1175.8765
11, left, 13, 1806.2131, 1301.0707
11, left, 14, 1809.3501, 1276.1527
11, left, 15, 1812.6351, 1250.9200
11, left, 16, 1815.9135, 1225.3682
11, left, 17, 1819.1801, 1199.6141
11, left, 18, 1822.3073, 1173.4227
11, left, 19, 1779.6094, 1298.7981
11, left, 20, 1782.7452, 1273.7129
11, left, 21, 1785.7175, 1248.5106
11, left, 22, 1788.7941, 1222.8535
11, left, 23, 1791.9219, 1197.0615
11, left, 24, 1795.0413, 1170.9878
11, left, 25, 1752.8945, 1296.2393
11, left, 26, 1755.8884, 1271.2329
11, left, 27, 1758.8169, 1245.9227
11, left, 28, 1761.8097, 1220.3596
11, left, 29, 1764.7200, 1194.5493
11, left, 30, 1767.7449, 1168.4022
11, left, 31, 1726.3458, 1293.8522
11, left, 32, 1729.0946, 1268.7004
11, left, 33, 1731.8981, 1243.5508
11, left, 34, 1734.6941, 1217.8347
11, left, 35, 1737.3621, 1192.0371
11, left, 36, 1740.3909, 1165.8191
11, left, 37, 1699.6870, 1291.2427
11, left, 38, 1702.1951, 1266.3153
11, left, 39, 1704.8925, 1240.9741
11, left, 40, 1707.6904, 1215.4333
11, left, 41, 1710.4001, 1189.5171
11, left, 42, 1713.0286, 1163.3245
11, left, 43, 1672.9591, 1288.9150
11, left, 44, 1675.5969, 1263.8397
11, left, 45, 1678.0491, 1238.5988
11, left, 46, 1680.5935, 1212.9170
11, left, 47, 1683.1632, 1187.0680
11, left, 48, 1685.7180, 1160.8927
11, left, 49, 1646.4707, 1286.3760
11, left, 50, 1648.8383, 1261.3564
11, left, 51, 1651.1647, 1236.0536
11, left, 52, 1653.5232, 1210.4658
11, left, 53, 1655.9196, 1184.6224
11, left, 54, 1658.2522, 1158.2898
11, right, 1, 1858.2667, 1187.1320
11, right, 2, 1842.6375, 1154.6090
11, right, 3, 1826.7499, 1121.5962
11, right, 4, 1810.6517, 1087.7596
11, right, 5, 1794.1810, 1053.8063
11, right, 6, 1777.9575, 1019.6746
11, right, 7, 1824.6660, 1197.3369
11, right, 8, 1808.9434, 1164.9369
11, right, 9, 1793.0227, 1132.0884
11, right, 10, 1776.9377, 1099.0237
11, right, 11, 1760.6738, 1065.1765
11, right, 12, 1744.2397, 1031.4243
11, right, 13, 1791.8989, 1207.5201
11, right, 14, 1775.8651, 1175.1023
11, right, 15, 1759.8649, 1142.5496
11, right, 16, 1743.7787, 1109.6902
11, right, 17, 1727.3859, 1076.3533
11, right, 18, 1710.9205, 1042.7543
11, right, 19, 1759.0387, 1217.0474
11, right, 20, 1743.1509, 1185.1309
11, right, 21, 1727.0698, 1152.8654
11, right, 22, 1711.0889, 1120.4124
11, right, 23, 1694.5551, 1087.2124
11, right, 24, 1678.3143, 1054.1532
11, right, 25, 1727.0568, 1226.7756
11, right, 26, 1711.0745, 1194.9257
11, right, 27, 1695.1779, 1163.2349
11, right, 28, 1678.7855, 1130.6672
11, right, 29, 1662.2368, 1097.9812
11, right, 30, 1645.9198, 1064.9773
11, right, 31, 1695.4420, 1236.1016
11, right, 32, 1679.4658, 1204.9180
11, right, 33, 1663.3221, 1172.9891
11, right, 34, 1647.1138, 1141.0221
11, right, 35, 1630.7263, 1108.5819
11, right, 36, 1614.0526, 1076.0276
11, right, 37, 1664.2340, 1245.4376
11, right, 38, 1648.2643, 1214.2672
11, right, 39, 1632.0469, 1182.7640
11, right, 40, 1615.8383, 1151.1167
11, right, 41, 1599.3788, 1119.0773
11, right, 42, 1582.8901, 1086.6351
11, right, 43, 1633.5925, 1254.6714
11, right, 44, 1617.6808, 1223.8643
11, right, 45, 1601.2869, 1192.6040
11, right, 46, 1585.0085, 1161.1768
11, right, 47, 1568.4879, 1129.3107
11, right, 48, 1551.9597, 1097.4434
11, right, 49, 1603.2269, 1263.6486
11, right, 50, 1586.9725, 1233.0112
11, right, 51, 1570.9788, 1202.1726
11, right, 52, 1554.4850, 1170.9515
11, right, 53, 1538.1292, 1139.4551
11, right, 54, 1521.1737, 1107.4666
12, left, 1, 1238.1871, 1512.2953
12, left, 2, 1241.7526, 1480.2635
12, left, 3, 1245.1760, 1447.9108
12, left, 4, 1248.6034, 1415.5618
12, left, 5, 1252.0872, 1382.8717
12, left, 6, 1255.5867, 1349.9799
12, left, 7, 1206.2831, 1506.3254
12, left, 8, 1209.7429, 1474.2446
12, left, 9, 1212.9379, 1442.1743
12, left, 10, 1216.3417, 1409.8379
12, left, 11, 1219.8278, 1377.1986
12, left, 12, 1223.3740, 1344.2161
12, left, 13, 1174.5757, 1500.3073
12, left, 14, 1177.8719, 1468.4629
12, left, 15, 1180.9771, 1436.2532
12, left, 16, 1184.2679, 1403.8594
12, left, 17, 1187.5726, 1371.3054
12, left, 18, 1190.8535, 1338.6886
12, left, 19, 1142.8933, 1494.5150
12, left, 20, 1146.0699, 1462.6497
12, left, 21, 1149.1322, 1430.4664
12, left, 22, 1152.4188, 1398.2484
12, left, 23, 1155.5220, 1365.7489
12, left, 24, 1158.8500, 1332.9705
12, left, 25, 1111.2555, 1488.4266
12, left, 26, 1114.3292, 1456.7968
12, left, 27, 1117.3439, 1424.6021
12, left, 28, 1120.5283, 1392.5337
12, left, 29, 1123.6407, 1359.9493
12, left, 30, 1126.6545, 1327.3311
12, left, 31, 1079.9749, 1482.8070
12, left, 32, 1082.8552, 1450.8779
12, left, 33, 1085.8136, 1418.9619
12, left, 34, 1088.8562, 1386.7816
12, left, 35, 1091.8241, 1354.3240
12, left, 36, 1094.7694, 1321.6960
12, left, 37, 1048.6636, 1476.8016
12, left, 38, 1051.5730, 1445.2046
12, left, 39, 1054.3199, 1413.1051
12, left, 40, 1057.1498, 1381.1366
12, left, 41, 1060.0229, 1348.6724
12, left, 42, 1063.0829, 1316.1265
12, left, 43, 1017.5365, 1471.1138
12, left, 44, 1020.2086, 1439.2892
12, left, 45, 1022.9605, 1407.5581
12, left, 46, 1025.8562, 1375.3121
12, left, 47, 1028.6492, 1343.0516
12, left, 48, 1031.2499, 1310.5006
12, left, 49, 986.5618, 1465.2285
12, left, 50, 989.0752, 1433.7428
12, left, 51, 991.8627, 1401.8871
12, left, 52, 994.3572, 1369.7666
12, left, 53, 997.0453, 1337.5804
12, left, 54, 999.8017, 1305.0515
12, right, 1, 1062.5361, 1748.7579
12, right, 2, 1047.7904, 1713.6764
12, right, 3, 1032.6864, 1677.9204
12, right, 4, 1017.7343, 1641.9863
12, right, 5, 1001.6318, 1605.1458
12, right, 6, 986.8014, 1569.5146
12, right, 7, 1035.6035, 1751.5138
12, right, 8, 1020.3497, 1715.4705
12, right, 9, 1005.8330, 1681.0284
12, right, 10, 989.8588, 1643.9872
12, right, 11, 975.2959, 1609.3682
12, right, 12, 960.0000, 1573.0000
12, right, 13, 1009.1710, 1753.8400
12, right, 14, 994.1813, 1718.7908
12, right, 15, 978.9878, 1683.4119
12, right, 16, 964.0087, 1648.3069
12, right, 17, 949.7087, 1614.3151
12, right, 18, 933.5186, 1577.3076
12, right, 19, 982.9202, 1756.0138
12, right, 20, 968.0000, 1721.0000
12, right, 21, 953.2166, 1686.7137
12, right, 22, 938.0000, 1652.0000
12, right, 23, 923.1890, 1616.5775
12, right, 24, 908.0041, 1581.4657
12, right, 25, 957.2589, 1757.7891
12, right, 26, 942.9034, 1724.1450
12, right, 27, 928.0000, 1690.0000
12, right, 28, 912.5329, 1654.7531
12, right, 29, 898.0000, 1620.0000
12, right, 30, 882.1477, 1584.8920
12, right, 31, 932.1172, 1760.2736
12, right, 32, 917.6069, 1726.4462
12, right, 33, 902.8597, 1692.3136
12, right, 34, 886.9404, 1657.0479
12, right, 35, 872.2874, 1623.1698
12, right, 36, 857.0000, 1588.0000
12, right, 37, 907.6108, 1762.2693
12, right, 38, 892.7822, 1728.5602
12, right, 39, 878.0000, 1695.0000
12, right, 40, 863.1003, 1660.9962
12, right, 41, 848.1173, 1627.1017
12, right, 42, 832.5748, 1591.9354
12, right, 43, 883.2068, 1764.6715
12, right, 44, 868.1079, 1730.2379
12, right, 45, 853.7678, 1697.4380
12, right, 46, 839.1091, 1664.2449
12, right, 47, 823.7142, 1629.6824
12, right, 48, 807.3878, 1593.7318
12, right, 49, 859.3481, 1766.5800
12, right, 50, 844.7548, 1733.3236
12, right, 51, 829.6368, 1699.7201
12, right, 52, 814.7732, 1666.5995
12, right, 53, 800.3721, 1633.5358
12, right, 54, 784.6972, 1598.9741
